2.57621 0.0822799 0.0574042
2.43816 0.140938 0.0592712
2.30012 0.199596 0.0611382
2.16208 0.258255 0.0630052
2.02404 0.316913 0.0648722
1.88599 0.375571 0.0667392
1.74795 0.434229 0.0686063
2.57104 0.0748896 -0.0923246
2.433 0.133548 -0.0904576
2.29496 0.192206 -0.0885906
2.15691 0.250864 -0.0867236
2.01887 0.309523 -0.0848566
1.88083 0.368181 -0.0829895
1.74279 0.426839 -0.0811225
2.56588 0.0674993 -0.242053
2.42783 0.126158 -0.240186
2.28979 0.184816 -0.238319
2.15175 0.243474 -0.236452
2.01371 0.302132 -0.234585
1.87566 0.360791 -0.232718
1.73762 0.419449 -0.230851
2.56071 0.0601091 -0.391782
2.42267 0.118767 -0.389915
2.28463 0.177426 -0.388048
2.14658 0.236084 -0.386181
2.00854 0.294742 -0.384314
1.8705 0.3534 -0.382447
1.73246 0.412059 -0.38058
2.55554 0.0527188 -0.541511
2.4175 0.111377 -0.539644
2.27946 0.170035 -0.537777
2.14142 0.228694 -0.53591
2.00337 0.287352 -0.534043
1.86533 0.34601 -0.532176
1.72729 0.404668 -0.530309
