1.64546 -0.4555 0.0816231
1.64452 -0.305537 0.0784611
1.64358 -0.155573 0.0752992
1.64264 -0.00560901 0.0721372
1.64171 0.144355 0.0689752
1.64077 0.294319 0.0658133
1.63983 0.444282 0.0626513
1.76173 -0.456771 -0.0131414
1.76079 -0.306807 -0.0163034
1.75985 -0.156844 -0.0194653
1.75891 -0.00687988 -0.0226273
1.75797 0.143084 -0.0257893
1.75704 0.293048 -0.0289512
1.7561 0.443011 -0.0321132
1.87799 -0.458042 -0.107906
1.87706 -0.308078 -0.111068
1.87612 -0.158115 -0.11423
1.87518 -0.00815075 -0.117392
1.87424 0.141813 -0.120554
1.8733 0.291777 -0.123716
1.87237 0.44174 -0.126878
1.99426 -0.459313 -0.20267
1.99332 -0.309349 -0.205832
1.99238 -0.159385 -0.208994
1.99145 -0.00942162 -0.212156
1.99051 0.140542 -0.215318
1.98957 0.290506 -0.21848
1.98863 0.44047 -0.221642
2.11053 -0.460584 -0.297435
2.10959 -0.31062 -0.300597
2.10865 -0.160656 -0.303759
2.10771 -0.0106925 -0.306921
2.10678 0.139271 -0.310083
2.10584 0.289235 -0.313245
2.1049 0.439199 -0.316407
