2.05503 0.493963 -0.312553
2.06236 0.344288 -0.305946
2.06969 0.194613 -0.299339
2.07702 0.044938 -0.292731
2.08435 -0.104737 -0.286124
2.09168 -0.254412 -0.279517
2.09901 -0.404087 -0.27291
1.92226 0.484409 -0.381701
1.92959 0.334734 -0.375093
1.93692 0.185059 -0.368486
1.94425 0.0353838 -0.361879
1.95158 -0.114291 -0.355272
1.95891 -0.263966 -0.348664
1.96624 -0.413641 -0.342057
1.78949 0.474855 -0.450848
1.79682 0.32518 -0.444241
1.80415 0.175505 -0.437634
1.81148 0.0258296 -0.431026
1.81881 -0.123845 -0.424419
1.82614 -0.27352 -0.417812
1.83347 -0.423195 -0.411205
1.65673 0.465301 -0.519996
1.66406 0.315626 -0.513388
1.67139 0.16595 -0.506781
1.67872 0.0162754 -0.500174
1.68605 -0.1334 -0.493567
1.69338 -0.283075 -0.486959
1.7007 -0.43275 -0.480352
1.52396 0.455746 -0.589143
1.53129 0.306071 -0.582536
1.53862 0.156396 -0.575929
1.54595 0.00672126 -0.569321
1.55328 -0.142954 -0.562714
1.56061 -0.292629 -0.556107
1.56794 -0.442304 -0.5495
