2.30802 0.221449 0.229098
2.32802 0.106581 0.13473
2.34801 -0.00828756 0.0403618
2.36801 -0.123156 -0.0540063
2.38801 -0.238024 -0.148374
2.40801 -0.352892 -0.242743
2.42801 -0.467761 -0.337111
2.26734 0.308805 0.114144
2.28734 0.193937 0.0197762
2.30734 0.0790688 -0.0745919
2.32734 -0.0357995 -0.16896
2.34734 -0.150668 -0.263328
2.36734 -0.265536 -0.357696
2.38734 -0.380404 -0.452064
2.22666 0.396162 -0.000809401
2.24666 0.281293 -0.0951775
2.26666 0.166425 -0.189546
2.28666 0.0515568 -0.283914
2.30666 -0.0633114 -0.378282
2.32666 -0.17818 -0.47265
2.34666 -0.293048 -0.567018
2.18599 0.483518 -0.115763
2.20599 0.36865 -0.210131
2.22599 0.253781 -0.304499
2.24599 0.138913 -0.398867
2.26599 0.0240449 -0.493236
2.28598 -0.0908234 -0.587604
2.30598 -0.205692 -0.681972
2.14531 0.570874 -0.230717
2.16531 0.456006 -0.325085
2.18531 0.341138 -0.419453
2.20531 0.22627 -0.513821
2.22531 0.111401 -0.608189
2.24531 -0.00346703 -0.702557
2.26531 -0.118335 -0.796925
