2.37602 0.0559178 -0.000555307
2.26523 -0.0450137 0.00575489
2.15445 -0.145945 0.012065
2.04367 -0.246877 0.0183752
1.93288 -0.347808 0.0246854
1.8221 -0.44874 0.0309955
1.71132 -0.549671 0.0373057
2.36183 0.0621684 -0.149751
2.25104 -0.0387632 -0.143441
2.14026 -0.139695 -0.137131
2.02947 -0.240626 -0.130821
1.91869 -0.341558 -0.124511
1.80791 -0.442489 -0.118201
1.69712 -0.543421 -0.11189
2.34763 0.0684189 -0.298948
2.23685 -0.0325127 -0.292637
2.12607 -0.133444 -0.286327
2.01528 -0.234376 -0.280017
1.9045 -0.335307 -0.273707
1.79371 -0.436239 -0.267397
1.68293 -0.53717 -0.261087
2.33344 0.0746693 -0.448144
2.22266 -0.0262622 -0.441834
2.11187 -0.127194 -0.435524
2.00109 -0.228125 -0.429213
1.89031 -0.329057 -0.422903
1.77952 -0.429988 -0.416593
1.66874 -0.53092 -0.410283
2.31925 0.0809199 -0.59734
2.20846 -0.0200117 -0.59103
2.09768 -0.120943 -0.58472
1.9869 -0.221875 -0.57841
1.87611 -0.322806 -0.572099
1.76533 -0.423738 -0.565789
1.65455 -0.524669 -0.559479
