1.60731 -0.460679 -0.589578
1.60531 -0.310696 -0.588628
1.6033 -0.160712 -0.587679
1.60129 -0.0107286 -0.586729
1.59928 0.139255 -0.585779
1.59728 0.289239 -0.58483
1.59527 0.439222 -0.58388
1.60923 -0.461603 -0.439593
1.60722 -0.31162 -0.438643
1.60521 -0.161636 -0.437694
1.60321 -0.0116526 -0.436744
1.6012 0.138331 -0.435794
1.59919 0.288315 -0.434845
1.59718 0.438298 -0.433895
1.61114 -0.462527 -0.289608
1.60914 -0.312544 -0.288658
1.60713 -0.16256 -0.287709
1.60512 -0.0125765 -0.286759
1.60312 0.137407 -0.28581
1.60111 0.287391 -0.28486
1.5991 0.437374 -0.28391
1.61306 -0.463451 -0.139623
1.61105 -0.313468 -0.138673
1.60905 -0.163484 -0.137724
1.60704 -0.0135005 -0.136774
1.60503 0.136483 -0.135825
1.60302 0.286467 -0.134875
1.60102 0.43645 -0.133925
1.61498 -0.464375 0.0103619
1.61297 -0.314392 0.0113115
1.61096 -0.164408 0.0122612
1.60895 -0.0144245 0.0132107
1.60695 0.135559 0.0141604
1.60494 0.285543 0.01511
1.60293 0.435526 0.0160596
