0.325955 2.18779 -0.135114
0.176286 2.17797 -0.13669
0.0266159 2.16814 -0.138267
-0.123054 2.15832 -0.139844
-0.272723 2.1485 -0.141421
-0.422393 2.13867 -0.142998
-0.572063 2.12885 -0.144574
0.333966 2.0829 -0.242043
0.184297 2.07308 -0.24362
0.0346271 2.06325 -0.245196
-0.115043 2.05343 -0.246773
-0.264712 2.04361 -0.24835
-0.414382 2.03378 -0.249927
-0.564051 2.02396 -0.251504
0.341977 1.97801 -0.348972
0.192308 1.96819 -0.350549
0.0426382 1.95836 -0.352126
-0.107031 1.94854 -0.353703
-0.256701 1.93872 -0.355279
-0.406371 1.92889 -0.356856
-0.55604 1.91907 -0.358433
0.349989 1.87312 -0.455901
0.200319 1.8633 -0.457478
0.0506494 1.85347 -0.459055
-0.0990202 1.84365 -0.460632
-0.24869 1.83383 -0.462209
-0.398359 1.824 -0.463786
-0.548029 1.81418 -0.465362
0.358 1.76823 -0.562831
0.20833 1.75841 -0.564408
0.0586606 1.74858 -0.565984
-0.091009 1.73876 -0.567561
-0.240679 1.72894 -0.569138
-0.390348 1.71911 -0.570715
-0.540018 1.70929 -0.572292
