-0.0699547 2.28229 -0.89008
0.0257267 2.28069 -0.77457
0.121408 2.27908 -0.65906
0.21709 2.27748 -0.54355
0.312771 2.27588 -0.428041
0.408452 2.27427 -0.312531
0.504134 2.27267 -0.197021
-0.18545 2.27783 -0.794472
-0.089769 2.27623 -0.678962
0.00591242 2.27463 -0.563452
0.101594 2.27302 -0.447942
0.197275 2.27142 -0.332433
0.292957 2.26982 -0.216923
0.388638 2.26821 -0.101413
-0.300946 2.27338 -0.698864
-0.205265 2.27177 -0.583354
-0.109583 2.27017 -0.467844
-0.0139019 2.26857 -0.352335
0.0817795 2.26696 -0.236825
0.177461 2.26536 -0.121315
0.273142 2.26376 -0.0058054
-0.416442 2.26892 -0.603256
-0.32076 2.26732 -0.487746
-0.225079 2.26571 -0.372236
-0.129398 2.26411 -0.256727
-0.0337162 2.26251 -0.141217
0.0619652 2.2609 -0.0257072
0.157647 2.2593 0.0898025
-0.531937 2.26446 -0.507648
-0.436256 2.26286 -0.392138
-0.340575 2.26126 -0.276628
-0.244893 2.25965 -0.161119
-0.149212 2.25805 -0.045609
-0.0535305 2.25645 0.0699008
0.0421509 2.25484 0.18541
