-0.418532 1.77512 -0.565605
-0.268554 1.77527 -0.563046
-0.118576 1.77541 -0.560488
0.0314022 1.77556 -0.55793
0.18138 1.7757 -0.555371
0.331359 1.77585 -0.552813
0.481337 1.776 -0.550254
-0.421091 1.77572 -0.415628
-0.271113 1.77587 -0.413069
-0.121135 1.77601 -0.410511
0.0288432 1.77616 -0.407953
0.178821 1.77631 -0.405394
0.328799 1.77645 -0.402836
0.478778 1.7766 -0.400277
-0.42365 1.77632 -0.265651
-0.273672 1.77647 -0.263092
-0.123694 1.77661 -0.260534
0.0262842 1.77676 -0.257976
0.176262 1.77691 -0.255417
0.32624 1.77705 -0.252859
0.476219 1.7772 -0.2503
-0.426209 1.77692 -0.115674
-0.276231 1.77707 -0.113115
-0.126253 1.77721 -0.110557
0.0237252 1.77736 -0.107999
0.173703 1.77751 -0.10544
0.323681 1.77765 -0.102882
0.47366 1.7778 -0.100323
-0.428768 1.77752 0.0343031
-0.27879 1.77767 0.0368616
-0.128812 1.77782 0.03942
0.0211662 1.77796 0.0419784
0.171144 1.77811 0.0445369
0.321122 1.77825 0.0470954
0.471101 1.7784 0.0496538
