0.527917 1.69556 -0.554821
0.446234 1.82137 -0.553688
0.364551 1.94717 -0.552554
0.282869 2.07297 -0.551421
0.201186 2.19878 -0.550287
0.119503 2.32458 -0.549154
0.0378208 2.45039 -0.54802
0.537702 1.70057 -0.405224
0.456019 1.82637 -0.404091
0.374337 1.95218 -0.402957
0.292654 2.07798 -0.401824
0.210971 2.20378 -0.40069
0.129289 2.32959 -0.399557
0.0476059 2.45539 -0.398424
0.547487 1.70557 -0.255627
0.465804 1.83138 -0.254494
0.384122 1.95718 -0.253361
0.302439 2.08299 -0.252227
0.220756 2.20879 -0.251094
0.139074 2.33459 -0.24996
0.0573911 2.4604 -0.248827
0.557272 1.71058 -0.106031
0.475589 1.83638 -0.104897
0.393907 1.96219 -0.103764
0.312224 2.08799 -0.10263
0.230542 2.2138 -0.101497
0.148859 2.3396 -0.100363
0.0671762 2.4654 -0.09923
0.567057 1.71558 0.0435662
0.485375 1.84139 0.0446997
0.403692 1.96719 0.0458331
0.322009 2.093 0.0469666
0.240327 2.2188 0.0481
0.158644 2.34461 0.0492334
0.0769614 2.47041 0.0503668
