0.444953 1.30345 -0.0203945
0.295013 1.29919 -0.0202802
0.145074 1.29494 -0.0201659
-0.00486576 1.29068 -0.0200517
-0.154805 1.28643 -0.0199374
-0.304745 1.28218 -0.0198231
-0.454684 1.27792 -0.0197088
0.441622 1.41823 -0.116901
0.291683 1.41398 -0.116787
0.141743 1.40972 -0.116673
-0.00819664 1.40547 -0.116559
-0.158136 1.40121 -0.116444
-0.308076 1.39696 -0.11633
-0.458015 1.3927 -0.116216
0.438291 1.53302 -0.213408
0.288352 1.52876 -0.213294
0.138412 1.52451 -0.21318
-0.0115275 1.52025 -0.213065
-0.161467 1.516 -0.212951
-0.311407 1.51174 -0.212837
-0.461346 1.50749 -0.212723
0.43496 1.6478 -0.309915
0.285021 1.64355 -0.309801
0.135081 1.63929 -0.309687
-0.0148584 1.63504 -0.309572
-0.164798 1.63078 -0.309458
-0.314737 1.62653 -0.309344
-0.464677 1.62227 -0.309229
0.431629 1.76259 -0.406422
0.28169 1.75833 -0.406308
0.13175 1.75408 -0.406193
-0.0181893 1.74982 -0.406079
-0.168129 1.74557 -0.405965
-0.318068 1.74131 -0.40585
-0.468008 1.73706 -0.405736
