0.0902253 2.55229 0.0388092
0.00918341 2.42611 0.0420489
-0.0718585 2.29993 0.0452887
-0.1529 2.17375 0.0485283
-0.233942 2.04757 0.051768
-0.314984 1.92138 0.0550077
-0.396026 1.7952 0.0582475
0.0853324 2.55158 -0.111109
0.00429049 2.4254 -0.10787
-0.0767514 2.29922 -0.10463
-0.157793 2.17304 -0.10139
-0.238835 2.04686 -0.0981505
-0.319877 1.92068 -0.0949108
-0.400919 1.7945 -0.0916711
0.0804395 2.55088 -0.261028
-0.000602424 2.4247 -0.257788
-0.0816443 2.29851 -0.254548
-0.162686 2.17233 -0.251309
-0.243728 2.04615 -0.248069
-0.32477 1.91997 -0.244829
-0.405812 1.79379 -0.24159
0.0755466 2.55017 -0.410946
-0.00549532 2.42399 -0.407707
-0.0865372 2.29781 -0.404467
-0.167579 2.17163 -0.401227
-0.248621 2.04545 -0.397987
-0.329663 1.91926 -0.394748
-0.410705 1.79308 -0.391508
0.0706536 2.54946 -0.560865
-0.0103882 2.42328 -0.557625
-0.0914301 2.2971 -0.554385
-0.172472 2.17092 -0.551146
-0.253514 2.04474 -0.547906
-0.334556 1.91856 -0.544666
-0.415598 1.79238 -0.541427
