2.46547 0.550492 -0.398186
2.46919 0.400544 -0.399441
2.47292 0.250596 -0.400695
2.47665 0.100647 -0.40195
2.48038 -0.0493012 -0.403205
2.48411 -0.19925 -0.40446
2.48784 -0.349198 -0.405715
2.37895 0.549367 -0.520714
2.38268 0.399418 -0.521969
2.3864 0.24947 -0.523223
2.39013 0.0995214 -0.524478
2.39386 -0.0504271 -0.525733
2.39759 -0.200375 -0.526988
2.40132 -0.350324 -0.528243
2.29243 0.548241 -0.643242
2.29616 0.398292 -0.644497
2.29988 0.248344 -0.645752
2.30361 0.0983955 -0.647006
2.30734 -0.0515529 -0.648261
2.31107 -0.201501 -0.649516
2.3148 -0.35145 -0.650771
2.20591 0.547115 -0.76577
2.20964 0.397167 -0.767025
2.21336 0.247218 -0.76828
2.21709 0.0972697 -0.769535
2.22082 -0.0526787 -0.770789
2.22455 -0.202627 -0.772044
2.22828 -0.352576 -0.773299
2.11939 0.545989 -0.888298
2.12312 0.396041 -0.889553
2.12685 0.246092 -0.890808
2.13057 0.0961439 -0.892063
2.1343 -0.0538046 -0.893317
2.13803 -0.203753 -0.894572
2.14176 -0.353701 -0.895827
