1.6573 -0.372506 -0.0315747
1.65472 -0.222529 -0.0318538
1.65215 -0.0725511 -0.032133
1.64958 0.0774266 -0.0324121
1.647 0.227404 -0.0326913
1.64443 0.377382 -0.0329705
1.64186 0.527359 -0.0332496
1.73751 -0.371366 -0.158319
1.73494 -0.221388 -0.158598
1.73237 -0.0714105 -0.158877
1.72979 0.0785671 -0.159156
1.72722 0.228545 -0.159435
1.72465 0.378522 -0.159715
1.72207 0.5285 -0.159994
1.81773 -0.370225 -0.285063
1.81516 -0.220248 -0.285342
1.81258 -0.0702699 -0.285621
1.81001 0.0797077 -0.2859
1.80744 0.229685 -0.28618
1.80486 0.379663 -0.286459
1.80229 0.529641 -0.286738
1.89795 -0.369085 -0.411807
1.89537 -0.219107 -0.412086
1.8928 -0.0691294 -0.412365
1.89023 0.0808482 -0.412645
1.88765 0.230826 -0.412924
1.88508 0.380804 -0.413203
1.8825 0.530781 -0.413482
1.97816 -0.367944 -0.538551
1.97559 -0.217966 -0.53883
1.97302 -0.0679889 -0.539109
1.97044 0.0819888 -0.539389
1.96787 0.231966 -0.539668
1.96529 0.381944 -0.539947
1.96272 0.531922 -0.540226
