2.25906 -0.251506 -0.618382
2.14644 -0.350593 -0.618256
2.03383 -0.44968 -0.618131
1.92122 -0.548767 -0.618005
1.8086 -0.647853 -0.61788
1.69599 -0.74694 -0.617754
1.58338 -0.846027 -0.617629
2.2547 -0.246358 -0.468534
2.14208 -0.345445 -0.468408
2.02947 -0.444532 -0.468283
1.91686 -0.543619 -0.468157
1.80424 -0.642706 -0.468032
1.69163 -0.741793 -0.467906
1.57902 -0.84088 -0.46778
2.25033 -0.241211 -0.318686
2.13772 -0.340298 -0.31856
2.02511 -0.439385 -0.318434
1.91249 -0.538471 -0.318309
1.79988 -0.637558 -0.318183
1.68727 -0.736645 -0.318058
1.57465 -0.835732 -0.317932
2.24597 -0.236063 -0.168837
2.13336 -0.33515 -0.168712
2.02074 -0.434237 -0.168586
1.90813 -0.533324 -0.168461
1.79552 -0.632411 -0.168335
1.6829 -0.731498 -0.16821
1.57029 -0.830585 -0.168084
2.24161 -0.230916 -0.0189893
2.129 -0.330002 -0.0188637
2.01638 -0.429089 -0.0187381
1.90377 -0.528176 -0.0186126
1.79116 -0.627263 -0.018487
1.67854 -0.72635 -0.0183614
1.56593 -0.825437 -0.0182358
