2.15881 0.216681 -0.643183
2.06862 0.336527 -0.644778
1.97843 0.456374 -0.646373
1.88824 0.576221 -0.647968
1.79805 0.696067 -0.649563
1.70786 0.815914 -0.651158
1.61767 0.935761 -0.652753
2.15833 0.218315 -0.493193
2.06814 0.338162 -0.494788
1.97795 0.458008 -0.496383
1.88776 0.577855 -0.497978
1.79757 0.697702 -0.499573
1.70738 0.817548 -0.501168
1.61719 0.937395 -0.502763
2.15785 0.21995 -0.343203
2.06766 0.339796 -0.344798
1.97747 0.459643 -0.346393
1.88728 0.579489 -0.347988
1.79709 0.699336 -0.349583
1.7069 0.819183 -0.351178
1.61671 0.939029 -0.352773
2.15737 0.221584 -0.193212
2.06718 0.341431 -0.194807
1.97699 0.461277 -0.196402
1.8868 0.581124 -0.197997
1.79661 0.700971 -0.199592
1.70642 0.820817 -0.201187
1.61623 0.940664 -0.202782
2.15689 0.223218 -0.043222
2.0667 0.343065 -0.044817
1.97651 0.462912 -0.046412
1.88632 0.582758 -0.048007
1.79613 0.702605 -0.0496021
1.70594 0.822452 -0.0511971
1.61575 0.942298 -0.0527921
