1.80631 -0.395082 -0.626938
1.80005 -0.24524 -0.629809
1.79378 -0.095398 -0.63268
1.78752 0.0544438 -0.635551
1.78126 0.204286 -0.638422
1.775 0.354127 -0.641293
1.76874 0.503969 -0.644164
1.80033 -0.39246 -0.47708
1.79407 -0.242618 -0.479951
1.7878 -0.0927766 -0.482822
1.78154 0.0570653 -0.485693
1.77528 0.206907 -0.488564
1.76902 0.356749 -0.491435
1.76276 0.506591 -0.494306
1.79435 -0.389839 -0.327222
1.78809 -0.239997 -0.330093
1.78182 -0.0901551 -0.332964
1.77556 0.0596867 -0.335835
1.7693 0.209529 -0.338706
1.76304 0.35937 -0.341577
1.75678 0.509212 -0.344448
1.78837 -0.387217 -0.177365
1.78211 -0.237376 -0.180236
1.77584 -0.0875337 -0.183107
1.76958 0.0623081 -0.185978
1.76332 0.21215 -0.188849
1.75706 0.361992 -0.19172
1.7508 0.511834 -0.194591
1.78239 -0.384596 -0.0275068
1.77613 -0.234754 -0.0303778
1.76986 -0.0849122 -0.0332488
1.7636 0.0649296 -0.0361198
1.75734 0.214771 -0.0389907
1.75108 0.364613 -0.0418617
1.74482 0.514455 -0.0447327
