3.70428 0.407793 -0.457808
3.68387 0.260218 -0.47526
3.66345 0.112642 -0.492712
3.64303 -0.0349333 -0.510164
3.62261 -0.182509 -0.527616
3.6022 -0.330085 -0.545068
3.58178 -0.47766 -0.56252
3.70836 0.389628 -0.308968
3.68795 0.242052 -0.32642
3.66753 0.0944766 -0.343872
3.64711 -0.053099 -0.361324
3.62669 -0.200675 -0.378776
3.60628 -0.34825 -0.396228
3.58586 -0.495826 -0.413679
3.71244 0.371462 -0.160128
3.69202 0.223886 -0.17758
3.67161 0.0763108 -0.195032
3.65119 -0.0712647 -0.212484
3.63077 -0.21884 -0.229936
3.61035 -0.366416 -0.247387
3.58994 -0.513991 -0.264839
3.71652 0.353296 -0.011288
3.6961 0.205721 -0.0287399
3.67569 0.0581452 -0.0461918
3.65527 -0.0894305 -0.0636436
3.63485 -0.237006 -0.0810955
3.61443 -0.384582 -0.0985474
3.59402 -0.532157 -0.115999
3.7206 0.335131 0.137552
3.70018 0.187555 0.1201
3.67976 0.0399795 0.102648
3.65935 -0.107596 0.0851965
3.63893 -0.255172 0.0677446
3.61851 -0.402747 0.0502927
3.59809 -0.550323 0.0328408
