2.8747 -0.594828 -0.162878
2.9003 -0.447037 -0.164315
2.92591 -0.299246 -0.165753
2.95152 -0.151454 -0.16719
2.97712 -0.00366293 -0.168627
3.00273 0.144128 -0.170064
3.02833 0.29192 -0.171501
2.8131 -0.582832 -0.0266346
2.83871 -0.43504 -0.0280718
2.86432 -0.287249 -0.0295089
2.88992 -0.139458 -0.0309462
2.91553 0.00833365 -0.0323833
2.94113 0.156125 -0.0338205
2.96674 0.303916 -0.0352577
2.75151 -0.570835 0.109609
2.77712 -0.423044 0.108172
2.80272 -0.275252 0.106735
2.82833 -0.127461 0.105297
2.85393 0.0203302 0.10386
2.87954 0.168122 0.102423
2.90515 0.315913 0.100986
2.68992 -0.558838 0.245853
2.71552 -0.411047 0.244415
2.74113 -0.263256 0.242978
2.76673 -0.115464 0.241541
2.79234 0.0323268 0.240104
2.81795 0.180118 0.238667
2.84355 0.327909 0.237229
2.62832 -0.546842 0.382096
2.65393 -0.39905 0.380659
2.67953 -0.251259 0.379222
2.70514 -0.103468 0.377785
2.73075 0.0443234 0.376347
2.75635 0.192115 0.37491
2.78196 0.339906 0.373473
