2.00224 1.09994 -0.310574
2.04697 0.958991 -0.285415
2.09169 0.818042 -0.260255
2.13642 0.677093 -0.235096
2.18114 0.536143 -0.209937
2.22587 0.395194 -0.184777
2.27059 0.254245 -0.159618
2.06287 1.14246 -0.180128
2.10759 1.00151 -0.154969
2.15232 0.860564 -0.12981
2.19704 0.719615 -0.10465
2.24177 0.578666 -0.0794909
2.28649 0.437717 -0.0543315
2.33122 0.296767 -0.0291721
2.1235 1.18499 -0.0496826
2.16822 1.04404 -0.0245232
2.21295 0.903087 0.000636183
2.25767 0.762137 0.0257956
2.3024 0.621188 0.0509549
2.34712 0.480239 0.0761143
2.39185 0.33929 0.101274
2.18412 1.22751 0.0807632
2.22885 1.08656 0.105923
2.27357 0.945609 0.131082
2.3183 0.80466 0.156241
2.36302 0.663711 0.181401
2.40775 0.522761 0.20656
2.45247 0.381812 0.231719
2.24475 1.27003 0.211209
2.28948 1.12908 0.236368
2.3342 0.988132 0.261528
2.37893 0.847182 0.286687
2.42365 0.706233 0.311847
2.46838 0.565284 0.337006
2.5131 0.424335 0.362165
