2.08881 0.609289 0.302605
2.07478 0.459948 0.30224
2.06074 0.310606 0.301874
2.0467 0.161265 0.301509
2.03266 0.0119235 0.301144
2.01863 -0.137418 0.300779
2.00459 -0.286759 0.300414
2.0969 0.608894 0.152824
2.08287 0.459553 0.152459
2.06883 0.310212 0.152093
2.05479 0.160871 0.151728
2.04076 0.0115292 0.151363
2.02672 -0.137812 0.150998
2.01268 -0.287153 0.150633
2.105 0.6085 0.00304251
2.09096 0.459159 0.00267738
2.07692 0.309817 0.00231225
2.06289 0.160476 0.00194712
2.04885 0.0111348 0.00158199
2.03481 -0.138207 0.00121685
2.02077 -0.287548 0.000851726
2.11309 0.608106 -0.146739
2.09905 0.458764 -0.147104
2.08501 0.309423 -0.147469
2.07098 0.160082 -0.147834
2.05694 0.0107405 -0.148199
2.0429 -0.138601 -0.148564
2.02887 -0.287942 -0.148929
2.12118 0.607711 -0.29652
2.10714 0.45837 -0.296885
2.09311 0.309029 -0.29725
2.07907 0.159687 -0.297615
2.06503 0.0103461 -0.29798
2.05099 -0.138995 -0.298345
2.03696 -0.288337 -0.29871
