2.63849 0.201964 0.368375
2.56006 0.0741562 0.372118
2.48163 -0.0536515 0.375862
2.4032 -0.181459 0.379605
2.32477 -0.309267 0.383349
2.24634 -0.437074 0.387092
2.16791 -0.564882 0.390836
2.64146 0.195753 0.218533
2.56303 0.0679458 0.222276
2.4846 -0.0598619 0.22602
2.40617 -0.18767 0.229763
2.32774 -0.315477 0.233507
2.24931 -0.443285 0.23725
2.17088 -0.571092 0.240994
2.64442 0.189543 0.0686909
2.566 0.0617355 0.0724344
2.48757 -0.0660722 0.0761779
2.40914 -0.19388 0.0799214
2.33071 -0.321687 0.0836649
2.25228 -0.449495 0.0874084
2.17385 -0.577303 0.0911519
2.64739 0.183333 -0.0811511
2.56896 0.0555251 -0.0774076
2.49053 -0.0722826 -0.0736641
2.4121 -0.20009 -0.0699206
2.33367 -0.327898 -0.0661771
2.25525 -0.455705 -0.0624336
2.17682 -0.583513 -0.0586901
2.65036 0.177122 -0.230993
2.57193 0.0493147 -0.22725
2.4935 -0.0784929 -0.223506
2.41507 -0.206301 -0.219763
2.33664 -0.334108 -0.216019
2.25821 -0.461916 -0.212276
2.17978 -0.589723 -0.208532
