2.68433 0.487161 -0.236588
2.60058 0.6115 -0.241705
2.51684 0.735838 -0.246822
2.43309 0.860177 -0.251939
2.34934 0.984516 -0.257056
2.26559 1.10885 -0.262172
2.18184 1.23319 -0.267289
2.67266 0.485452 -0.0870532
2.58891 0.609791 -0.09217
2.50516 0.734129 -0.0972867
2.42141 0.858468 -0.102403
2.33767 0.982807 -0.10752
2.25392 1.10715 -0.112637
2.17017 1.23148 -0.117754
2.66098 0.483743 0.0624821
2.57724 0.608081 0.0573653
2.49349 0.73242 0.0522486
2.40974 0.856759 0.0471318
2.32599 0.981097 0.042015
2.24224 1.10544 0.0368983
2.1585 1.22977 0.0317815
2.64931 0.482033 0.212017
2.56556 0.606372 0.206901
2.48181 0.730711 0.201784
2.39807 0.855049 0.196667
2.31432 0.979388 0.19155
2.23057 1.10373 0.186434
2.14682 1.22807 0.181317
2.63764 0.480324 0.361553
2.55389 0.604663 0.356436
2.47014 0.729002 0.351319
2.38639 0.85334 0.346202
2.30264 0.977679 0.341086
2.2189 1.10202 0.335969
2.13515 1.22636 0.330852
