2.82305 0.109008 -0.366889
2.75156 0.236903 -0.334764
2.68007 0.364799 -0.302639
2.60858 0.492695 -0.270513
2.53709 0.620591 -0.238388
2.4656 0.748487 -0.206262
2.39412 0.876382 -0.174137
2.79475 0.0584355 -0.228537
2.72326 0.186331 -0.196411
2.65177 0.314227 -0.164286
2.58028 0.442123 -0.132161
2.50879 0.570019 -0.100035
2.4373 0.697914 -0.0679096
2.36581 0.82581 -0.0357841
2.76644 0.00786328 -0.0901845
2.69495 0.135759 -0.058059
2.62347 0.263655 -0.0259335
2.55198 0.391551 0.00619194
2.48049 0.519446 0.0383174
2.409 0.647342 0.0704429
2.33751 0.775238 0.102568
2.73814 -0.0427089 0.048168
2.66665 0.0851868 0.0802935
2.59516 0.213083 0.112419
2.52367 0.340978 0.144544
2.45218 0.468874 0.17667
2.3807 0.59677 0.208795
2.30921 0.724666 0.240921
2.70984 -0.0932812 0.186521
2.63835 0.0346145 0.218646
2.56686 0.16251 0.250771
2.49537 0.290406 0.282897
2.42388 0.418302 0.315022
2.35239 0.546198 0.347148
2.2809 0.674093 0.379273
